7110 100 48.444168 -4.412000 
7434 100 45.861168 1.175000 
7558 100 44.118500 3.019500 
7020 99 49.725166 -1.939833 
7181 99 48.581001 5.959833 
7222 99 47.150002 -1.608833 
7314 99 46.046833 -1.411500 
7471 99 45.074501 3.764000 
7535 99 44.744999 1.396667 
7591 99 44.565666 6.502333 
7037 98 49.382999 1.181667 
7335 98 46.593834 0.314333 
7577 98 44.581165 4.733000 
7607 98 43.909832 -0.500167 
7643 98 43.577000 3.963167 
7015 97 50.570000 3.097500 
7117 97 48.825832 -3.473167 
7130 97 48.068832 -1.734000 
7255 97 47.059166 2.359833 
7280 97 47.267834 5.088333 
7510 97 44.830666 -0.691333 
7005 96 50.136002 1.834000 
7027 96 49.180000 -0.456167 
7240 96 47.444500 0.727333 
7481 96 45.726501 5.077833 
7207 95 47.294334 -3.218333 
7299 95 47.614334 7.510000 
7621 95 43.188000 0.000000 
7630 95 43.620998 1.378833 
7747 95 42.737167 2.872833 
7149 94 48.716831 2.384333 
7168 94 48.324669 4.020000 
7139 92 48.445499 0.110167 
7627 92 43.005333 1.106833 
7661 92 43.079334 5.940833 
7790 92 42.540668 9.485167 
7190 91 48.549500 7.640333 
7650 91 43.437668 5.216000 
7761 91 41.917999 8.792667 
7690 89 43.648834 7.209000 
7460 85 45.786835 3.149333 
