7005 6.181171 -2.900000 13.400000 
7015 5.665000 -2.200000 12.800000 
7020 9.159664 0.000000 13.000000 
7027 6.922689 -2.400000 14.300000 
7037 5.536250 -1.500000 12.500000 
7072 5.100837 -6.400000 13.200000 
7110 8.160000 0.000000 13.100000 
7117 8.913750 0.000000 14.300000 
7130 7.510000 -0.900000 13.600000 
7139 5.972917 -1.400000 14.300000 
7149 6.138912 -2.200000 14.100000 
7168 5.284101 -5.500000 14.400000 
7181 3.841423 -4.300000 12.500000 
7190 4.021097 -3.400000 13.900000 
7207 9.623750 0.000000 14.200000 
7222 7.937083 0.000000 13.900000 
7240 6.902101 -0.700000 15.300000 
7255 6.357500 -2.400000 14.400000 
7280 3.829583 -3.900000 13.100000 
7299 3.328033 -5.000000 13.300000 
7314 9.728000 0.000000 15.000000 
7335 6.724686 -1.500000 15.300000 
7434 6.242500 -0.500000 13.000000 
7460 5.501260 -4.000000 15.200000 
7471 2.914346 -6.300000 12.400000 
7481 5.169167 -2.500000 13.300000 
7510 8.418828 -1.000000 17.000000 
7535 7.066250 -2.700000 14.700000 
7558 4.678750 -4.200000 11.300000 
7577 6.813750 -1.200000 12.800000 
7591 3.125105 -5.600000 14.900000 
7607 7.206666 -3.600000 18.500000 
7621 6.100422 -1.700000 16.900000 
7627 5.498333 -3.800000 16.799999 
7630 7.599583 -2.300000 14.500000 
7643 8.544770 -0.700000 16.799999 
7650 8.995833 0.000000 16.299999 
7661 10.640757 0.000000 16.400000 
7690 10.270833 0.000000 18.200001 
7747 9.078242 -1.500000 17.400000 
7761 10.001667 0.000000 19.200001 
7790 10.140000 0.000000 17.700001 
