7005 212 5.455844 50.136002 1.834000 
7015 216 5.030416 50.570000 3.097500 
7020 228 8.021757 49.725166 -1.939833 
7027 213 5.174895 49.180000 -0.456167 
7037 213 4.635294 49.382999 1.181667 
7110 233 4.429310 48.444168 -4.412000 
7117 223 5.725630 48.825832 -3.473167 
7130 213 3.604405 48.068832 -1.734000 
7139 210 3.713043 48.445499 0.110167 
7149 212 3.816170 48.716831 2.384333 
7168 209 4.737053 48.324669 4.020000 
7181 216 4.360793 48.581001 5.959833 
7190 192 3.561276 48.549500 7.640333 
7207 219 6.266109 47.294334 -3.218333 
7222 212 3.508621 47.150002 -1.608833 
7240 202 3.834764 47.444500 0.727333 
7255 203 3.455042 47.059166 2.359833 
7280 201 3.488018 47.267834 5.088333 
7299 223 3.432618 47.614334 7.510000 
7314 200 5.338397 46.046833 -1.411500 
7335 207 3.470638 46.593834 0.314333 
7434 191 3.178355 45.861168 1.175000 
7460 200 2.818841 45.786835 3.149333 
7471 251 3.019807 45.074501 3.764000 
7481 201 2.974775 45.726501 5.077833 
7510 200 2.787554 44.830666 -0.691333 
7535 229 1.958411 44.744999 1.396667 
7558 236 4.908225 44.118500 3.019500 
7577 62 4.714102 44.581165 4.733000 
7591 114 2.372330 44.565666 6.502333 
7607 198 2.151515 43.909832 -0.500167 
7621 210 2.945415 43.188000 0.000000 
7627 227 2.263000 43.005333 1.106833 
7630 251 3.382684 43.620998 1.378833 
7643 237 4.279060 43.577000 3.963167 
7650 255 5.562995 43.437668 5.216000 
7661 185 7.485169 43.079334 5.940833 
7690 275 4.451681 43.648834 7.209000 
7747 287 5.763793 42.737167 2.872833 
7761 109 3.236555 41.917999 8.792667 
7790 206 2.788461 42.540668 9.485167 
